message: r=r6mv o=o6mv

c Cell card
c Water tank phantom
  1 1 -1.0 -1 2 imp:p,e 1 $water tank
  2 1 -1.0 -2 fill=1 imp:p,e 1 $lattice body
  3 1 -1.0 -3 lat=1 u=1 imp:p,e 1 $lattice cell
c Air
  10 2 -0.001293 -999 #1 #2 #3 #11 #12 #21 #22 #31 imp:p,e 1
c Jaws
  11 3 -18 -11 12 13 -14 15 -16 imp:p,e 1 $Y1
     trcl*=(0 0.001 0 0 90 90 90 2.8629 -87.1371 90 92.8629 2.8629 )
  12 3 -18 -11 12 13 -14 -17 18 imp:p,e 1 $Y2
     trcl*=(0 0.001 0 0 90 90 90 -2.8629 -92.8629 90 87.1371 -2.8629 )
  21 3 -18 -21 22 23 -24 25 -26 imp:p,e 1 $X1
     trcl*=(0.0003 0 -0.0114 2.8629 90 -87.1371 90 0 -90 92.8629 90 2.8629 )
  22 3 -18 -21 22 23 -24 -27 28 imp:p,e 1 $Y1
     trcl*=(-0.0003 0 -0.0114 -2.8629 90 -92.8629 90 0 -90 87.1371 90 -2.8629 )
c base plate
  31 3 -18 31 -32 33 -34 imp:p,e 1
c Void
  999 0 999 imp:p,e 0

c surface card
  1  box 20 20 -100 -40 0 0 0 -40 0 0 0 -40 $water tank
  2  box 0.1 0.1 -100 -0.2 0 0 0 -0.2 0 0 0 -40
  3  box 0.1 0.1 -100 -0.2 0 0 0 -0.2 0 0 0 -0.2
  999 rpp -35 35 -35 35 -145 5 $Void
c X Jaws
  21 pz -36.61
  22 pz -44.38
  23 py -10.94
  24 py 10.94
  25 px 0
  26 px 13.46
  27 px 0
  28 px -13.46
c Y Jaws
  11 pz -28.16
  12 pz -35.93
  13 px -9.4
  14 px 9.4
  15 py 0
  16 py 11.94
  17 py 0
  18 py -11.94
c base plate
  31 pz -46.7
  32 pz -45.94
  33 cz 11.56
  34 cz 30.23

c Materials
  m1 1000. 2     8000. 1    $ water
  m2 7014. -0.75563  8016. -0.231475  18000. -0.012895  $air at STP
  m3 74000. -0.95  28000. -0.35  26000. -0.15         $ W-Ni alloy
sdef dir=d1 erg Fdir d2 par=2 vec=0 0 -1 X=d19 Y=d20 Z=0 POS=0 0 0
c Source divergence (cosine of the angle)
  si1 A 0.9659 0.9744 0.9782 0.9799 0.9848
        0.9877 0.9903 0.9925 0.9945 0.9962
        0.9976 0.9986 0.9994 0.9998 1.0
c Source divergence distribution values
  sp1 0.0 0.457 0.8 1.0 0.954
        0.917 0.881 0.845 0.816 0.789
        0.761 0.738 0.711 0.7 0.684
c Source spectrum by angles
  ds2 s 3 4 5 6 7 8 9 10 11 12 13 14 15 16
  si3 A 0 0.1 0.2 0.255 0.3 0.4 0.5 0.525 0.55 0.6 0.8 1 1.5 2 
        2.5 3 4 5 6
  sp3 0.000 0.126 0.665 1.093 1.197 1.083 1.000 1.071 1.071 0.833 0.643 0.483 
        0.294 0.189 0.123 0.087 0.046 0.023 0.002
  si4 A 0 0.1 0.2 0.255 0.3 0.4 0.5 0.525 0.55 0.6 0.8 1 1.5 2 
        2.5 3 4 5 6
  sp4 0.000 0.155 0.782 1.222 1.290 1.108 1.000 0.999 0.999 0.807 0.610 0.448 
        0.267 0.172 0.114 0.082 0.043 0.022 0.002
  si5 A 0 0.1 0.2 0.255 0.3 0.4 0.5 0.525 0.55 0.6 0.8 1 1.5 2 
        2.5 3 4 5 6
  sp5 0.000 0.123 0.711 1.181 1.272 1.108 1.000 0.993 0.993 0.816 0.618 0.455 
        0.274 0.179 0.119 0.086 0.045 0.023 0.003
  si6 A 0 0.1 0.2 0.255 0.3 0.4 0.5 0.525 0.55 0.6 0.8 1 1.5 2 
        2.5 3 4 5 6
  sp6 0.000 0.101 0.628 1.105 1.227 1.095 1.000 0.997 0.997 0.821 0.632 0.468 
        0.283 0.187 0.125 0.091 0.048 0.025 0.003
  si7 A 0 0.1 0.2 0.255 0.3 0.4 0.5 0.525 0.55 0.6 0.8 1 1.5 2 
        2.5 3 4 5 6
  sp7 0.000 0.086 0.550 1.033 1.182 1.085 1.000 1.011 1.011 0.829 0.649 0.485 
        0.298 0.198 0.134 0.097 0.052 0.028 0.004
  si8 A 0 0.1 0.2 0.255 0.3 0.4 0.5 0.525 0.55 0.6 0.8 1 1.5 2 
        2.5 3 4 5 6
  sp8 0.000 0.081 0.494 0.966 1.141 1.083 1.000 1.031 1.031 0.846 0.668 0.505 
        0.315 0.212 0.143 0.104 0.057 0.030 0.004
  si9 A 0 0.1 0.2 0.255 0.3 0.4 0.5 0.525 0.55 0.6 0.8 1 1.5 2 
        2.5 3 4 5 6
  sp9 0.000 0.077 0.445 0.900 1.092 1.068 1.000 1.042 1.042 0.855 0.689 0.524 
        0.333 0.225 0.153 0.114 0.062 0.032 0.005
  si10 A 0 0.1 0.2 0.255 0.3 0.4 0.5 0.525 0.55 0.6 0.8 1 1.5 2 
        2.5 3 4 5 6
  sp10 0.000 0.076 0.405 0.843 1.053 1.059 1.000 1.051 1.051 0.865 0.699 0.545 
        0.346 0.239 0.163 0.121 0.067 0.036 0.006
  si11 A 0 0.1 0.2 0.255 0.3 0.4 0.5 0.525 0.55 0.6 0.8 1 1.5 2 
        2.5 3 4 5 6
  sp11 0.000 0.080 0.376 0.794 1.009 1.041 1.000 1.063 1.063 0.872 0.717 0.558 
        0.364 0.252 0.175 0.132 0.072 0.041 0.007
  si12 A 0 0.1 0.2 0.255 0.3 0.4 0.5 0.525 0.55 0.6 0.8 1 1.5 2 
        2.5 3 4 5 6
  sp12 0.000 0.084 0.356 0.747 0.971 1.031 1.000 1.069 1.069 0.876 0.724 0.577 
        0.382 0.271 0.184 0.140 0.079 0.042 0.008
  si13 A 0 0.1 0.2 0.255 0.3 0.4 0.5 0.525 0.55 0.6 0.8 1 1.5 2 
        2.5 3 4 5 6
  sp13 0.000 0.087 0.350 0.722 0.953 1.035 1.000 1.098 1.098 0.889 0.755 0.597 
        0.404 0.284 0.201 0.151 0.082 0.047 0.009
  si14 A 0 0.1 0.2 0.255 0.3 0.4 0.5 0.525 0.55 0.6 0.8 1 1.5 2 
        2.5 3 4 5 6
  sp14 0.000 0.091 0.335 0.694 0.914 1.024 1.000 1.101 1.101 0.902 0.768 0.612 
        0.411 0.298 0.212 0.158 0.087 0.049 0.009
  si15 A 0 0.1 0.2 0.255 0.3 0.4 0.5 0.525 0.55 0.6 0.8 1 1.5 2 
        2.5 3 4 5 6
  sp15 0.000 0.098 0.345 0.668 0.890 0.995 1.000 1.106 1.106 0.903 0.770 0.634 
        0.422 0.310 0.216 0.163 0.091 0.051 0.011
  si16 A 0 0.1 0.2 0.255 0.3 0.4 0.5 0.525 0.55 0.6 0.8 1 1.5 2 
        2.5 3 4 5 6
  sp16 0.00 0.100 0.340 0.654 0.880 0.988 1.000 1.104 1.104 0.907 0.785 0.644 
        0.440 0.317 0.225 0.163 0.091 0.056 0.011
c Source spacial distribution
  sp19 -41 0.35 0
  sp20 -41 0.25 0
mode p e
nps 13000000000
RAND SEED=15477324557297
cut:e j 0.20
cut:p j 0.01
phys:p 10 0 1 0 1
*F8:p (3<3[0:0 0:0 0:199])
